data;

#Conjunto
set A := 1 2 3;

/*
param: precoInicial	lucro	capacUsada	demandaMax:=
1	3		2	20		3
2 	2		3	40		2
3 	0		0.8	20		5;
*/
/*
param:	1	2	3:=	
preco	3	2	0
lucro	2	3	0.8
capac	20	40	20
deman	3	2	5;
*/

#Vetor parametros
param preco:= 1 3  2 2  3 0;
param lucro:= 1 2  2 3  3 0.8;
param capac:= 1 20 2 40 3 20;
param deman:= 1 3  2 2  3 5;

